00001111110000000000000010010000 10001111110000000000000000010000
01111111011111111111111111111111 01111110111111111111111000000000
00000000000000000000000000000000 01111110111111111111111000000000
01111111011111111111111111111111 00000000000000000000000000000000
00000000100000000001000100000000 10000000100000000001000000000000 
00000000100000000001000100000000 10000000100000000001000100000000
01110000010000000000000000000000 01110000010000000000000000000001
01111111100000000000000000000000 01111111100000000000000000000000
01111111100000000000000000001000 01111111100000000000001010100000
01111111100000000000000000000000 11111111100000000000000000000001
01111111100000000000000000000000 11111111100000000000000000000000
11111111011111111111111111111111 11111111000000000000000000000001
01111111011111111000000011110000 01111111011111000001010101000000
00000000100000000000000010010000 10000000100000000000000000010000
00001111100000000010101001010101 00001110011010100101010101011000
00001111100000000010101001010101 10001110000000000001010101011000